2.631807899576879350e+01 6.172669993028581363e-12 -1.400000000000000000e+01
2.676270033164900752e+01 6.382995660809994969e-12 -1.400000000000000000e+01
1.657736431837401597e+03 2.449038715901115315e-08 -1.400000000000000000e+01
2.653998996794905452e+01 6.277203315951346325e-12 -1.400000000000000000e+01
2.720996285348938315e+01 6.598125693415098496e-12 -1.400000000000000000e+01
2.182008270850854842e+03 4.243043377172198314e-08 -1.400000000000000000e+01
2.583707222533555736e+01 5.949100220437515992e-12 -1.400000000000000000e+01
1.736523608146531842e+03 2.687361373914283567e-08 -1.400000000000000000e+01
2.814778695331771630e+01 7.060788410648216591e-12 -1.400000000000000000e+01
1.893811985951220322e+03 3.196232833556899368e-08 -1.400000000000000000e+01
1.577200763871173649e+03 2.216861924354746852e-08 -1.400000000000000000e+01
2.646158982638673507e+01 6.240171897447112161e-12 -1.400000000000000000e+01
1.597494453279061190e+03 2.274277236959575647e-08 -1.400000000000000000e+01
1.531261192143978860e+03 2.089600381122108736e-08 -1.400000000000000000e+01
2.587351554117261898e+01 5.965894525821227098e-12 -1.400000000000000000e+01
1.758479487861826328e+03 2.755746727125671607e-08 -1.400000000000000000e+01
1.869678031620548836e+03 3.115288967807739833e-08 -1.400000000000000000e+01
2.774940144963135936e+03 6.862335178051807820e-08 -1.400000000000000000e+01
2.186297673047125954e+03 4.259741763485586402e-08 -1.400000000000000000e+01
2.707454301837804067e+01 6.532613391975292589e-12 -1.400000000000000000e+01
2.790694994614837654e+01 6.940478826145036129e-12 -1.400000000000000000e+01
1.894284793856540318e+03 3.197828971721583041e-08 -1.400000000000000000e+01
2.705299093836318391e+01 6.522217251981726918e-12 -1.400000000000000000e+01
6.164717006477152239e+01 7.593318069547710198e-16 -1.200000000000000000e+01
6.268864604452826939e+01 7.852050465003490490e-16 -1.200000000000000000e+01
3.883063036343871318e+03 3.012688181204659880e-12 -1.200000000000000000e+01
6.216697181183045728e+01 7.721909873534600647e-16 -1.200000000000000000e+01
6.373630870835434337e+01 8.116692956134176109e-16 -1.200000000000000000e+01
5.111111452226695292e+03 5.219585362921443802e-12 -1.200000000000000000e+01
6.052046525535244825e+01 7.318293421228956167e-16 -1.200000000000000000e+01
4.067613225498366319e+03 3.305861110831201128e-12 -1.200000000000000000e+01
6.593305725456295363e+01 8.685838103183998507e-16 -1.200000000000000000e+01
4.436043739644044763e+03 3.931850002825333583e-12 -1.200000000000000000e+01
3.694417200141608191e+03 2.727075597254800817e-12 -1.200000000000000000e+01
6.198332820848192171e+01 7.676355625601896887e-16 -1.200000000000000000e+01
3.741952908290019423e+03 2.797705119189938523e-12 -1.200000000000000000e+01
3.586808867807608294e+03 2.570524643311321535e-12 -1.200000000000000000e+01
6.060582966547875117e+01 7.338952957973941249e-16 -1.200000000000000000e+01
4.119042429390794496e+03 3.389985442574012684e-12 -1.200000000000000000e+01
4.379512638449405131e+03 3.832276800449975423e-12 -1.200000000000000000e+01
6.499988356430079875e+03 8.441710599407451841e-12 -1.200000000000000000e+01
5.121158899333765476e+03 5.240126904696548993e-12 -1.200000000000000000e+01
6.341910282085037665e+01 8.036102912787883974e-16 -1.200000000000000000e+01
6.536892337757117843e+01 8.537839110368970432e-16 -1.200000000000000000e+01
4.437151239524712764e+03 3.933813494277342962e-12 -1.200000000000000000e+01
6.336861947280133478e+01 8.023314087570295457e-16 -1.200000000000000000e+01
